0555555555555105555555555551
4            44            4
4 0551 05551 44 05551 0551 4
4O4--4 4---4 44 4---4 4--4O4
4 3552 35552 32 35552 3552 4
4                          4
4 0551 01 05555551 01 0551 4
4 3552 44 35555552 44 3552 4
4      44    44    44      4
355551 05551=44=05524 055552
-----4 40552=32=35514 4-----
-----4 44====B=====44 4-----
-----4 44=05555551=44 4-----
555552 32=4======4=32 355555
====== ===4I=P=C=4=== ======
555551 01=4======4=01 055555
-----4 44=35555552=44 4-----
-----4 44==========44 4-----
-----4 44=05555551=44 4-----
055552 32=35510552=32 355551
4            44            4
4 0551 05551 44 05551 0551 4
4 3552 35552 32 35552 4052 4
4O  44       M=       44  O4
351 44 01 05555551 01 44 052
052 32 44 35510552 44 32 351
4      44    44    44      4
4 0555523551 44 0552355551 4
4 3555555552 32 3555555552 4
4                          4
3555555555555555555555555552